<link rel="stylesheet" href="https:///structure.ncbi.nlm.nih.gov/icn3d/lib/jquery-ui-1.12.1.min.css">
<link rel="stylesheet" href="https:///structure.ncbi.nlm.nih.gov/icn3d/icn3d_full_ui.css">
Note: Click on the distance to show a dashed line in 3D view.<br><br><table align="center" border="1" cellpadding="10" cellspacing="0"><tbody><tr><th></th><th><b>1R42_0</b> (Å)</th><th><b>1R42_1</b> (Å)</th><th><b>1R42_2</b> (Å)</th><th><b>6ACG_3</b> (Å)</th><th><b>6ACG_4</b> (Å)</th><th><b>6ACG_5</b> (Å)</th><th><b>7A91_6</b> (Å)</th><th><b>7A91_7</b> (Å)</th><th><b>7A91_8</b> (Å)</th><th><b>7A92_10</b> (Å)</th><th><b>7A92_11</b> (Å)</th><th><b>7A92_9</b> (Å)</th><th><b>7A97_12</b> (Å)</th><th><b>7A97_13</b> (Å)</th><th><b>7A97_14</b> (Å)</th><th><b>7KMS_15</b> (Å)</th><th><b>7KMS_16</b> (Å)</th><th><b>7KMS_17</b> (Å)</th><th><b>7KNH_18</b> (Å)</th><th><b>7KNH_19</b> (Å)</th><th><b>7KNH_20</b> (Å)</th></tr><tr><th><b>1R42_0</b> (Å)</th><td>0</td><td><span class="icn3d-distance" sets="1R42_0|1R42_1">32.60</span></td><td><span class="icn3d-distance" sets="1R42_0|1R42_2">28.81</span></td><td><span class="icn3d-distance" sets="1R42_0|6ACG_3">204.91</span></td><td><span class="icn3d-distance" sets="1R42_0|6ACG_4">185.50</span></td><td><span class="icn3d-distance" sets="1R42_0|6ACG_5">194.71</span></td><td><span class="icn3d-distance" sets="1R42_0|7A91_6">283.19</span></td><td><span class="icn3d-distance" sets="1R42_0|7A91_7">308.79</span></td><td><span class="icn3d-distance" sets="1R42_0|7A91_8">303.19</span></td><td><span class="icn3d-distance" sets="1R42_0|7A92_10">308.81</span></td><td><span class="icn3d-distance" sets="1R42_0|7A92_11">303.24</span></td><td><span class="icn3d-distance" sets="1R42_0|7A92_9">283.21</span></td><td><span class="icn3d-distance" sets="1R42_0|7A97_12">423.67</span></td><td><span class="icn3d-distance" sets="1R42_0|7A97_13">427.19</span></td><td><span class="icn3d-distance" sets="1R42_0|7A97_14">450.63</span></td><td><span class="icn3d-distance" sets="1R42_0|7KMS_15">352.32</span></td><td><span class="icn3d-distance" sets="1R42_0|7KMS_16">363.69</span></td><td><span class="icn3d-distance" sets="1R42_0|7KMS_17">372.40</span></td><td><span class="icn3d-distance" sets="1R42_0|7KNH_18">294.84</span></td><td><span class="icn3d-distance" sets="1R42_0|7KNH_19">303.90</span></td><td><span class="icn3d-distance" sets="1R42_0|7KNH_20">317.18</span></td></tr><tr><th><b>1R42_1</b> (Å)</th><td><span class="icn3d-distance" sets="1R42_1|1R42_0">32.60</span></td><td>0</td><td><span class="icn3d-distance" sets="1R42_1|1R42_2">43.19</span></td><td><span class="icn3d-distance" sets="1R42_1|6ACG_3">225.37</span></td><td><span class="icn3d-distance" sets="1R42_1|6ACG_4">205.41</span></td><td><span class="icn3d-distance" sets="1R42_1|6ACG_5">218.02</span></td><td><span class="icn3d-distance" sets="1R42_1|7A91_6">290.44</span></td><td><span class="icn3d-distance" sets="1R42_1|7A91_7">318.18</span></td><td><span class="icn3d-distance" sets="1R42_1|7A91_8">308.26</span></td><td><span class="icn3d-distance" sets="1R42_1|7A92_10">318.18</span></td><td><span class="icn3d-distance" sets="1R42_1|7A92_11">308.30</span></td><td><span class="icn3d-distance" sets="1R42_1|7A92_9">290.45</span></td><td><span class="icn3d-distance" sets="1R42_1|7A97_12">430.62</span></td><td><span class="icn3d-distance" sets="1R42_1|7A97_13">432.83</span></td><td><span class="icn3d-distance" sets="1R42_1|7A97_14">456.98</span></td><td><span class="icn3d-distance" sets="1R42_1|7KMS_15">361.28</span></td><td><span class="icn3d-distance" sets="1R42_1|7KMS_16">373.07</span></td><td><span class="icn3d-distance" sets="1R42_1|7KMS_17">379.71</span></td><td><span class="icn3d-distance" sets="1R42_1|7KNH_18">298.27</span></td><td><span class="icn3d-distance" sets="1R42_1|7KNH_19">306.02</span></td><td><span class="icn3d-distance" sets="1R42_1|7KNH_20">319.63</span></td></tr><tr><th><b>1R42_2</b> (Å)</th><td><span class="icn3d-distance" sets="1R42_2|1R42_0">28.81</span></td><td><span class="icn3d-distance" sets="1R42_2|1R42_1">43.19</span></td><td>0</td><td><span class="icn3d-distance" sets="1R42_2|6ACG_3">223.43</span></td><td><span class="icn3d-distance" sets="1R42_2|6ACG_4">206.55</span></td><td><span class="icn3d-distance" sets="1R42_2|6ACG_5">211.21</span></td><td><span class="icn3d-distance" sets="1R42_2|7A91_6">301.99</span></td><td><span class="icn3d-distance" sets="1R42_2|7A91_7">327.42</span></td><td><span class="icn3d-distance" sets="1R42_2|7A91_8">321.28</span></td><td><span class="icn3d-distance" sets="1R42_2|7A92_10">327.45</span></td><td><span class="icn3d-distance" sets="1R42_2|7A92_11">321.33</span></td><td><span class="icn3d-distance" sets="1R42_2|7A92_9">302.02</span></td><td><span class="icn3d-distance" sets="1R42_2|7A97_12">441.05</span></td><td><span class="icn3d-distance" sets="1R42_2|7A97_13">446.12</span></td><td><span class="icn3d-distance" sets="1R42_2|7A97_14">467.71</span></td><td><span class="icn3d-distance" sets="1R42_2|7KMS_15">373.11</span></td><td><span class="icn3d-distance" sets="1R42_2|7KMS_16">382.74</span></td><td><span class="icn3d-distance" sets="1R42_2|7KMS_17">393.56</span></td><td><span class="icn3d-distance" sets="1R42_2|7KNH_18">311.10</span></td><td><span class="icn3d-distance" sets="1R42_2|7KNH_19">322.32</span></td><td><span class="icn3d-distance" sets="1R42_2|7KNH_20">332.40</span></td></tr><tr><th><b>6ACG_3</b> (Å)</th><td><span class="icn3d-distance" sets="6ACG_3|1R42_0">204.91</span></td><td><span class="icn3d-distance" sets="6ACG_3|1R42_1">225.37</span></td><td><span class="icn3d-distance" sets="6ACG_3|1R42_2">223.43</span></td><td>0</td><td><span class="icn3d-distance" sets="6ACG_3|6ACG_4">32.21</span></td><td><span class="icn3d-distance" sets="6ACG_3|6ACG_5">27.30</span></td><td><span class="icn3d-distance" sets="6ACG_3|7A91_6">135.92</span></td><td><span class="icn3d-distance" sets="6ACG_3|7A91_7">142.96</span></td><td><span class="icn3d-distance" sets="6ACG_3|7A91_8">164.90</span></td><td><span class="icn3d-distance" sets="6ACG_3|7A92_10">143.04</span></td><td><span class="icn3d-distance" sets="6ACG_3|7A92_11">165.00</span></td><td><span class="icn3d-distance" sets="6ACG_3|7A92_9">136.02</span></td><td><span class="icn3d-distance" sets="6ACG_3|7A97_12">258.51</span></td><td><span class="icn3d-distance" sets="6ACG_3|7A97_13">265.08</span></td><td><span class="icn3d-distance" sets="6ACG_3|7A97_14">286.87</span></td><td><span class="icn3d-distance" sets="6ACG_3|7KMS_15">179.57</span></td><td><span class="icn3d-distance" sets="6ACG_3|7KMS_16">189.23</span></td><td><span class="icn3d-distance" sets="6ACG_3|7KMS_17">205.46</span></td><td><span class="icn3d-distance" sets="6ACG_3|7KNH_18">173.78</span></td><td><span class="icn3d-distance" sets="6ACG_3|7KNH_19">182.37</span></td><td><span class="icn3d-distance" sets="6ACG_3|7KNH_20">198.69</span></td></tr><tr><th><b>6ACG_4</b> (Å)</th><td><span class="icn3d-distance" sets="6ACG_4|1R42_0">185.50</span></td><td><span class="icn3d-distance" sets="6ACG_4|1R42_1">205.41</span></td><td><span class="icn3d-distance" sets="6ACG_4|1R42_2">206.55</span></td><td><span class="icn3d-distance" sets="6ACG_4|6ACG_3">32.21</span></td><td>0</td><td><span class="icn3d-distance" sets="6ACG_4|6ACG_5">42.57</span></td><td><span class="icn3d-distance" sets="6ACG_4|7A91_6">149.30</span></td><td><span class="icn3d-distance" sets="6ACG_4|7A91_7">160.42</span></td><td><span class="icn3d-distance" sets="6ACG_4|7A91_8">178.27</span></td><td><span class="icn3d-distance" sets="6ACG_4|7A92_10">160.48</span></td><td><span class="icn3d-distance" sets="6ACG_4|7A92_11">178.37</span></td><td><span class="icn3d-distance" sets="6ACG_4|7A92_9">149.39</span></td><td><span class="icn3d-distance" sets="6ACG_4|7A97_12">278.08</span></td><td><span class="icn3d-distance" sets="6ACG_4|7A97_13">281.51</span></td><td><span class="icn3d-distance" sets="6ACG_4|7A97_14">306.62</span></td><td><span class="icn3d-distance" sets="6ACG_4|7KMS_15">193.70</span></td><td><span class="icn3d-distance" sets="6ACG_4|7KMS_16">207.42</span></td><td><span class="icn3d-distance" sets="6ACG_4|7KMS_17">218.07</span></td><td><span class="icn3d-distance" sets="6ACG_4|7KNH_18">187.16</span></td><td><span class="icn3d-distance" sets="6ACG_4|7KNH_19">192.09</span></td><td><span class="icn3d-distance" sets="6ACG_4|7KNH_20">213.32</span></td></tr><tr><th><b>6ACG_5</b> (Å)</th><td><span class="icn3d-distance" sets="6ACG_5|1R42_0">194.71</span></td><td><span class="icn3d-distance" sets="6ACG_5|1R42_1">218.02</span></td><td><span class="icn3d-distance" sets="6ACG_5|1R42_2">211.21</span></td><td><span class="icn3d-distance" sets="6ACG_5|6ACG_3">27.30</span></td><td><span class="icn3d-distance" sets="6ACG_5|6ACG_4">42.57</span></td><td>0</td><td><span class="icn3d-distance" sets="6ACG_5|7A91_6">160.05</span></td><td><span class="icn3d-distance" sets="6ACG_5|7A91_7">166.94</span></td><td><span class="icn3d-distance" sets="6ACG_5|7A91_8">188.43</span></td><td><span class="icn3d-distance" sets="6ACG_5|7A92_10">167.02</span></td><td><span class="icn3d-distance" sets="6ACG_5|7A92_11">188.53</span></td><td><span class="icn3d-distance" sets="6ACG_5|7A92_9">160.15</span></td><td><span class="icn3d-distance" sets="6ACG_5|7A97_12">280.99</span></td><td><span class="icn3d-distance" sets="6ACG_5|7A97_13">289.25</span></td><td><span class="icn3d-distance" sets="6ACG_5|7A97_14">309.13</span></td><td><span class="icn3d-distance" sets="6ACG_5|7KMS_15">205.05</span></td><td><span class="icn3d-distance" sets="6ACG_5|7KMS_16">213.01</span></td><td><span class="icn3d-distance" sets="6ACG_5|7KMS_17">231.30</span></td><td><span class="icn3d-distance" sets="6ACG_5|7KNH_18">195.03</span></td><td><span class="icn3d-distance" sets="6ACG_5|7KNH_19">206.03</span></td><td><span class="icn3d-distance" sets="6ACG_5|7KNH_20">219.32</span></td></tr><tr><th><b>7A91_6</b> (Å)</th><td><span class="icn3d-distance" sets="7A91_6|1R42_0">283.19</span></td><td><span class="icn3d-distance" sets="7A91_6|1R42_1">290.44</span></td><td><span class="icn3d-distance" sets="7A91_6|1R42_2">301.99</span></td><td><span class="icn3d-distance" sets="7A91_6|6ACG_3">135.92</span></td><td><span class="icn3d-distance" sets="7A91_6|6ACG_4">149.30</span></td><td><span class="icn3d-distance" sets="7A91_6|6ACG_5">160.05</span></td><td>0</td><td><span class="icn3d-distance" sets="7A91_6|7A91_7">33.61</span></td><td><span class="icn3d-distance" sets="7A91_6|7A91_8">29.64</span></td><td><span class="icn3d-distance" sets="7A91_6|7A92_10">33.55</span></td><td><span class="icn3d-distance" sets="7A91_6|7A92_11">29.74</span></td><td><span class="icn3d-distance" sets="7A91_6|7A92_9">0.12</span></td><td><span class="icn3d-distance" sets="7A91_6|7A97_12">141.67</span></td><td><span class="icn3d-distance" sets="7A91_6|7A97_13">144.52</span></td><td><span class="icn3d-distance" sets="7A91_6|7A97_14">169.09</span></td><td><span class="icn3d-distance" sets="7A91_6|7KMS_15">81.04</span></td><td><span class="icn3d-distance" sets="7A91_6|7KMS_16">85.21</span></td><td><span class="icn3d-distance" sets="7A91_6|7KMS_17">98.67</span></td><td><span class="icn3d-distance" sets="7A91_6|7KNH_18">50.16</span></td><td><span class="icn3d-distance" sets="7A91_6|7KNH_19">50.95</span></td><td><span class="icn3d-distance" sets="7A91_6|7KNH_20">73.40</span></td></tr><tr><th><b>7A91_7</b> (Å)</th><td><span class="icn3d-distance" sets="7A91_7|1R42_0">308.79</span></td><td><span class="icn3d-distance" sets="7A91_7|1R42_1">318.18</span></td><td><span class="icn3d-distance" sets="7A91_7|1R42_2">327.42</span></td><td><span class="icn3d-distance" sets="7A91_7|6ACG_3">142.96</span></td><td><span class="icn3d-distance" sets="7A91_7|6ACG_4">160.42</span></td><td><span class="icn3d-distance" sets="7A91_7|6ACG_5">166.94</span></td><td><span class="icn3d-distance" sets="7A91_7|7A91_6">33.61</span></td><td>0</td><td><span class="icn3d-distance" sets="7A91_7|7A91_8">44.60</span></td><td><span class="icn3d-distance" sets="7A91_7|7A92_10">0.13</span></td><td><span class="icn3d-distance" sets="7A91_7|7A92_11">44.70</span></td><td><span class="icn3d-distance" sets="7A91_7|7A92_9">33.67</span></td><td><span class="icn3d-distance" sets="7A91_7|7A97_12">119.05</span></td><td><span class="icn3d-distance" sets="7A91_7|7A97_13">124.45</span></td><td><span class="icn3d-distance" sets="7A91_7|7A97_14">147.42</span></td><td><span class="icn3d-distance" sets="7A91_7|7KMS_15">56.74</span></td><td><span class="icn3d-distance" sets="7A91_7|7KMS_16">55.68</span></td><td><span class="icn3d-distance" sets="7A91_7|7KMS_17">78.43</span></td><td><span class="icn3d-distance" sets="7A91_7|7KNH_18">70.42</span></td><td><span class="icn3d-distance" sets="7A91_7|7KNH_19">71.18</span></td><td><span class="icn3d-distance" sets="7A91_7|7KNH_20">86.15</span></td></tr><tr><th><b>7A91_8</b> (Å)</th><td><span class="icn3d-distance" sets="7A91_8|1R42_0">303.19</span></td><td><span class="icn3d-distance" sets="7A91_8|1R42_1">308.26</span></td><td><span class="icn3d-distance" sets="7A91_8|1R42_2">321.28</span></td><td><span class="icn3d-distance" sets="7A91_8|6ACG_3">164.90</span></td><td><span class="icn3d-distance" sets="7A91_8|6ACG_4">178.27</span></td><td><span class="icn3d-distance" sets="7A91_8|6ACG_5">188.43</span></td><td><span class="icn3d-distance" sets="7A91_8|7A91_6">29.64</span></td><td><span class="icn3d-distance" sets="7A91_8|7A91_7">44.60</span></td><td>0</td><td><span class="icn3d-distance" sets="7A91_8|7A92_10">44.50</span></td><td><span class="icn3d-distance" sets="7A91_8|7A92_11">0.11</span></td><td><span class="icn3d-distance" sets="7A91_8|7A92_9">29.53</span></td><td><span class="icn3d-distance" sets="7A91_8|7A97_12">123.48</span></td><td><span class="icn3d-distance" sets="7A91_8|7A97_13">125.97</span></td><td><span class="icn3d-distance" sets="7A91_8|7A97_14">149.33</span></td><td><span class="icn3d-distance" sets="7A91_8|7KMS_15">82.17</span></td><td><span class="icn3d-distance" sets="7A91_8|7KMS_16">80.79</span></td><td><span class="icn3d-distance" sets="7A91_8|7KMS_17">92.89</span></td><td><span class="icn3d-distance" sets="7A91_8|7KNH_18">30.97</span></td><td><span class="icn3d-distance" sets="7A91_8|7KNH_19">28.18</span></td><td><span class="icn3d-distance" sets="7A91_8|7KNH_20">48.27</span></td></tr><tr><th><b>7A92_10</b> (Å)</th><td><span class="icn3d-distance" sets="7A92_10|1R42_0">308.81</span></td><td><span class="icn3d-distance" sets="7A92_10|1R42_1">318.18</span></td><td><span class="icn3d-distance" sets="7A92_10|1R42_2">327.45</span></td><td><span class="icn3d-distance" sets="7A92_10|6ACG_3">143.04</span></td><td><span class="icn3d-distance" sets="7A92_10|6ACG_4">160.48</span></td><td><span class="icn3d-distance" sets="7A92_10|6ACG_5">167.02</span></td><td><span class="icn3d-distance" sets="7A92_10|7A91_6">33.55</span></td><td><span class="icn3d-distance" sets="7A92_10|7A91_7">0.13</span></td><td><span class="icn3d-distance" sets="7A92_10|7A91_8">44.50</span></td><td>0</td><td><span class="icn3d-distance" sets="7A92_10|7A92_11">44.60</span></td><td><span class="icn3d-distance" sets="7A92_10|7A92_9">33.61</span></td><td><span class="icn3d-distance" sets="7A92_10|7A97_12">119.01</span></td><td><span class="icn3d-distance" sets="7A92_10|7A97_13">124.39</span></td><td><span class="icn3d-distance" sets="7A92_10|7A97_14">147.38</span></td><td><span class="icn3d-distance" sets="7A92_10|7KMS_15">56.69</span></td><td><span class="icn3d-distance" sets="7A92_10|7KMS_16">55.66</span></td><td><span class="icn3d-distance" sets="7A92_10|7KMS_17">78.35</span></td><td><span class="icn3d-distance" sets="7A92_10|7KNH_18">70.35</span></td><td><span class="icn3d-distance" sets="7A92_10|7KNH_19">71.07</span></td><td><span class="icn3d-distance" sets="7A92_10|7KNH_20">86.08</span></td></tr><tr><th><b>7A92_11</b> (Å)</th><td><span class="icn3d-distance" sets="7A92_11|1R42_0">303.24</span></td><td><span class="icn3d-distance" sets="7A92_11|1R42_1">308.30</span></td><td><span class="icn3d-distance" sets="7A92_11|1R42_2">321.33</span></td><td><span class="icn3d-distance" sets="7A92_11|6ACG_3">165.00</span></td><td><span class="icn3d-distance" sets="7A92_11|6ACG_4">178.37</span></td><td><span class="icn3d-distance" sets="7A92_11|6ACG_5">188.53</span></td><td><span class="icn3d-distance" sets="7A92_11|7A91_6">29.74</span></td><td><span class="icn3d-distance" sets="7A92_11|7A91_7">44.70</span></td><td><span class="icn3d-distance" sets="7A92_11|7A91_8">0.11</span></td><td><span class="icn3d-distance" sets="7A92_11|7A92_10">44.60</span></td><td>0</td><td><span class="icn3d-distance" sets="7A92_11|7A92_9">29.64</span></td><td><span class="icn3d-distance" sets="7A92_11|7A97_12">123.46</span></td><td><span class="icn3d-distance" sets="7A92_11|7A97_13">125.93</span></td><td><span class="icn3d-distance" sets="7A92_11|7A97_14">149.30</span></td><td><span class="icn3d-distance" sets="7A92_11|7KMS_15">82.22</span></td><td><span class="icn3d-distance" sets="7A92_11|7KMS_16">80.83</span></td><td><span class="icn3d-distance" sets="7A92_11|7KMS_17">92.91</span></td><td><span class="icn3d-distance" sets="7A92_11|7KNH_18">30.91</span></td><td><span class="icn3d-distance" sets="7A92_11|7KNH_19">28.09</span></td><td><span class="icn3d-distance" sets="7A92_11|7KNH_20">48.18</span></td></tr><tr><th><b>7A92_9</b> (Å)</th><td><span class="icn3d-distance" sets="7A92_9|1R42_0">283.21</span></td><td><span class="icn3d-distance" sets="7A92_9|1R42_1">290.45</span></td><td><span class="icn3d-distance" sets="7A92_9|1R42_2">302.02</span></td><td><span class="icn3d-distance" sets="7A92_9|6ACG_3">136.02</span></td><td><span class="icn3d-distance" sets="7A92_9|6ACG_4">149.39</span></td><td><span class="icn3d-distance" sets="7A92_9|6ACG_5">160.15</span></td><td><span class="icn3d-distance" sets="7A92_9|7A91_6">0.12</span></td><td><span class="icn3d-distance" sets="7A92_9|7A91_7">33.67</span></td><td><span class="icn3d-distance" sets="7A92_9|7A91_8">29.53</span></td><td><span class="icn3d-distance" sets="7A92_9|7A92_10">33.61</span></td><td><span class="icn3d-distance" sets="7A92_9|7A92_11">29.64</span></td><td>0</td><td><span class="icn3d-distance" sets="7A92_9|7A97_12">141.64</span></td><td><span class="icn3d-distance" sets="7A92_9|7A97_13">144.49</span></td><td><span class="icn3d-distance" sets="7A92_9|7A97_14">169.06</span></td><td><span class="icn3d-distance" sets="7A92_9|7KMS_15">81.07</span></td><td><span class="icn3d-distance" sets="7A92_9|7KMS_16">85.24</span></td><td><span class="icn3d-distance" sets="7A92_9|7KMS_17">98.68</span></td><td><span class="icn3d-distance" sets="7A92_9|7KNH_18">50.05</span></td><td><span class="icn3d-distance" sets="7A92_9|7KNH_19">50.83</span></td><td><span class="icn3d-distance" sets="7A92_9|7KNH_20">73.29</span></td></tr><tr><th><b>7A97_12</b> (Å)</th><td><span class="icn3d-distance" sets="7A97_12|1R42_0">423.67</span></td><td><span class="icn3d-distance" sets="7A97_12|1R42_1">430.62</span></td><td><span class="icn3d-distance" sets="7A97_12|1R42_2">441.05</span></td><td><span class="icn3d-distance" sets="7A97_12|6ACG_3">258.51</span></td><td><span class="icn3d-distance" sets="7A97_12|6ACG_4">278.08</span></td><td><span class="icn3d-distance" sets="7A97_12|6ACG_5">280.99</span></td><td><span class="icn3d-distance" sets="7A97_12|7A91_6">141.67</span></td><td><span class="icn3d-distance" sets="7A97_12|7A91_7">119.05</span></td><td><span class="icn3d-distance" sets="7A97_12|7A91_8">123.48</span></td><td><span class="icn3d-distance" sets="7A97_12|7A92_10">119.01</span></td><td><span class="icn3d-distance" sets="7A97_12|7A92_11">123.46</span></td><td><span class="icn3d-distance" sets="7A97_12|7A92_9">141.64</span></td><td>0</td><td><span class="icn3d-distance" sets="7A97_12|7A97_13">33.61</span></td><td><span class="icn3d-distance" sets="7A97_12|7A97_14">28.55</span></td><td><span class="icn3d-distance" sets="7A97_12|7KMS_15">98.93</span></td><td><span class="icn3d-distance" sets="7A97_12|7KMS_16">74.06</span></td><td><span class="icn3d-distance" sets="7A97_12|7KMS_17">88.20</span></td><td><span class="icn3d-distance" sets="7A97_12|7KNH_18">138.53</span></td><td><span class="icn3d-distance" sets="7A97_12|7KNH_19">134.10</span></td><td><span class="icn3d-distance" sets="7A97_12|7KNH_20">126.93</span></td></tr><tr><th><b>7A97_13</b> (Å)</th><td><span class="icn3d-distance" sets="7A97_13|1R42_0">427.19</span></td><td><span class="icn3d-distance" sets="7A97_13|1R42_1">432.83</span></td><td><span class="icn3d-distance" sets="7A97_13|1R42_2">446.12</span></td><td><span class="icn3d-distance" sets="7A97_13|6ACG_3">265.08</span></td><td><span class="icn3d-distance" sets="7A97_13|6ACG_4">281.51</span></td><td><span class="icn3d-distance" sets="7A97_13|6ACG_5">289.25</span></td><td><span class="icn3d-distance" sets="7A97_13|7A91_6">144.52</span></td><td><span class="icn3d-distance" sets="7A97_13|7A91_7">124.45</span></td><td><span class="icn3d-distance" sets="7A97_13|7A91_8">125.97</span></td><td><span class="icn3d-distance" sets="7A97_13|7A92_10">124.39</span></td><td><span class="icn3d-distance" sets="7A97_13|7A92_11">125.93</span></td><td><span class="icn3d-distance" sets="7A97_13|7A92_9">144.49</span></td><td><span class="icn3d-distance" sets="7A97_13|7A97_12">33.61</span></td><td>0</td><td><span class="icn3d-distance" sets="7A97_13|7A97_14">43.76</span></td><td><span class="icn3d-distance" sets="7A97_13|7KMS_15">92.73</span></td><td><span class="icn3d-distance" sets="7A97_13|7KMS_16">77.77</span></td><td><span class="icn3d-distance" sets="7A97_13|7KMS_17">73.67</span></td><td><span class="icn3d-distance" sets="7A97_13|7KNH_18">144.19</span></td><td><span class="icn3d-distance" sets="7A97_13|7KNH_19">132.03</span></td><td><span class="icn3d-distance" sets="7A97_13|7KNH_20">134.52</span></td></tr><tr><th><b>7A97_14</b> (Å)</th><td><span class="icn3d-distance" sets="7A97_14|1R42_0">450.63</span></td><td><span class="icn3d-distance" sets="7A97_14|1R42_1">456.98</span></td><td><span class="icn3d-distance" sets="7A97_14|1R42_2">467.71</span></td><td><span class="icn3d-distance" sets="7A97_14|6ACG_3">286.87</span></td><td><span class="icn3d-distance" sets="7A97_14|6ACG_4">306.62</span></td><td><span class="icn3d-distance" sets="7A97_14|6ACG_5">309.13</span></td><td><span class="icn3d-distance" sets="7A97_14|7A91_6">169.09</span></td><td><span class="icn3d-distance" sets="7A97_14|7A91_7">147.42</span></td><td><span class="icn3d-distance" sets="7A97_14|7A91_8">149.33</span></td><td><span class="icn3d-distance" sets="7A97_14|7A92_10">147.38</span></td><td><span class="icn3d-distance" sets="7A97_14|7A92_11">149.30</span></td><td><span class="icn3d-distance" sets="7A97_14|7A92_9">169.06</span></td><td><span class="icn3d-distance" sets="7A97_14|7A97_12">28.55</span></td><td><span class="icn3d-distance" sets="7A97_14|7A97_13">43.76</span></td><td>0</td><td><span class="icn3d-distance" sets="7A97_14|7KMS_15">125.53</span></td><td><span class="icn3d-distance" sets="7A97_14|7KMS_16">102.01</span></td><td><span class="icn3d-distance" sets="7A97_14|7KMS_17">111.97</span></td><td><span class="icn3d-distance" sets="7A97_14|7KNH_18">162.12</span></td><td><span class="icn3d-distance" sets="7A97_14|7KNH_19">157.51</span></td><td><span class="icn3d-distance" sets="7A97_14|7KNH_20">147.65</span></td></tr><tr><th><b>7KMS_15</b> (Å)</th><td><span class="icn3d-distance" sets="7KMS_15|1R42_0">352.32</span></td><td><span class="icn3d-distance" sets="7KMS_15|1R42_1">361.28</span></td><td><span class="icn3d-distance" sets="7KMS_15|1R42_2">373.11</span></td><td><span class="icn3d-distance" sets="7KMS_15|6ACG_3">179.57</span></td><td><span class="icn3d-distance" sets="7KMS_15|6ACG_4">193.70</span></td><td><span class="icn3d-distance" sets="7KMS_15|6ACG_5">205.05</span></td><td><span class="icn3d-distance" sets="7KMS_15|7A91_6">81.04</span></td><td><span class="icn3d-distance" sets="7KMS_15|7A91_7">56.74</span></td><td><span class="icn3d-distance" sets="7KMS_15|7A91_8">82.17</span></td><td><span class="icn3d-distance" sets="7KMS_15|7A92_10">56.69</span></td><td><span class="icn3d-distance" sets="7KMS_15|7A92_11">82.22</span></td><td><span class="icn3d-distance" sets="7KMS_15|7A92_9">81.07</span></td><td><span class="icn3d-distance" sets="7KMS_15|7A97_12">98.93</span></td><td><span class="icn3d-distance" sets="7KMS_15|7A97_13">92.73</span></td><td><span class="icn3d-distance" sets="7KMS_15|7A97_14">125.53</span></td><td>0</td><td><span class="icn3d-distance" sets="7KMS_15|7KMS_16">32.34</span></td><td><span class="icn3d-distance" sets="7KMS_15|7KMS_17">27.44</span></td><td><span class="icn3d-distance" sets="7KMS_15|7KNH_18">112.39</span></td><td><span class="icn3d-distance" sets="7KMS_15|7KNH_19">98.84</span></td><td><span class="icn3d-distance" sets="7KMS_15|7KNH_20">121.56</span></td></tr><tr><th><b>7KMS_16</b> (Å)</th><td><span class="icn3d-distance" sets="7KMS_16|1R42_0">363.69</span></td><td><span class="icn3d-distance" sets="7KMS_16|1R42_1">373.07</span></td><td><span class="icn3d-distance" sets="7KMS_16|1R42_2">382.74</span></td><td><span class="icn3d-distance" sets="7KMS_16|6ACG_3">189.23</span></td><td><span class="icn3d-distance" sets="7KMS_16|6ACG_4">207.42</span></td><td><span class="icn3d-distance" sets="7KMS_16|6ACG_5">213.01</span></td><td><span class="icn3d-distance" sets="7KMS_16|7A91_6">85.21</span></td><td><span class="icn3d-distance" sets="7KMS_16|7A91_7">55.68</span></td><td><span class="icn3d-distance" sets="7KMS_16|7A91_8">80.79</span></td><td><span class="icn3d-distance" sets="7KMS_16|7A92_10">55.66</span></td><td><span class="icn3d-distance" sets="7KMS_16|7A92_11">80.83</span></td><td><span class="icn3d-distance" sets="7KMS_16|7A92_9">85.24</span></td><td><span class="icn3d-distance" sets="7KMS_16|7A97_12">74.06</span></td><td><span class="icn3d-distance" sets="7KMS_16|7A97_13">77.77</span></td><td><span class="icn3d-distance" sets="7KMS_16|7A97_14">102.01</span></td><td><span class="icn3d-distance" sets="7KMS_16|7KMS_15">32.34</span></td><td>0</td><td><span class="icn3d-distance" sets="7KMS_16|7KMS_17">43.39</span></td><td><span class="icn3d-distance" sets="7KMS_16|7KNH_18">107.05</span></td><td><span class="icn3d-distance" sets="7KMS_16|7KNH_19">100.74</span></td><td><span class="icn3d-distance" sets="7KMS_16|7KNH_20">110.95</span></td></tr><tr><th><b>7KMS_17</b> (Å)</th><td><span class="icn3d-distance" sets="7KMS_17|1R42_0">372.40</span></td><td><span class="icn3d-distance" sets="7KMS_17|1R42_1">379.71</span></td><td><span class="icn3d-distance" sets="7KMS_17|1R42_2">393.56</span></td><td><span class="icn3d-distance" sets="7KMS_17|6ACG_3">205.46</span></td><td><span class="icn3d-distance" sets="7KMS_17|6ACG_4">218.07</span></td><td><span class="icn3d-distance" sets="7KMS_17|6ACG_5">231.30</span></td><td><span class="icn3d-distance" sets="7KMS_17|7A91_6">98.67</span></td><td><span class="icn3d-distance" sets="7KMS_17|7A91_7">78.43</span></td><td><span class="icn3d-distance" sets="7KMS_17|7A91_8">92.89</span></td><td><span class="icn3d-distance" sets="7KMS_17|7A92_10">78.35</span></td><td><span class="icn3d-distance" sets="7KMS_17|7A92_11">92.91</span></td><td><span class="icn3d-distance" sets="7KMS_17|7A92_9">98.68</span></td><td><span class="icn3d-distance" sets="7KMS_17|7A97_12">88.20</span></td><td><span class="icn3d-distance" sets="7KMS_17|7A97_13">73.67</span></td><td><span class="icn3d-distance" sets="7KMS_17|7A97_14">111.97</span></td><td><span class="icn3d-distance" sets="7KMS_17|7KMS_15">27.44</span></td><td><span class="icn3d-distance" sets="7KMS_17|7KMS_16">43.39</span></td><td>0</td><td><span class="icn3d-distance" sets="7KMS_17|7KNH_18">121.74</span></td><td><span class="icn3d-distance" sets="7KMS_17|7KNH_19">103.54</span></td><td><span class="icn3d-distance" sets="7KMS_17|7KNH_20">126.71</span></td></tr><tr><th><b>7KNH_18</b> (Å)</th><td><span class="icn3d-distance" sets="7KNH_18|1R42_0">294.84</span></td><td><span class="icn3d-distance" sets="7KNH_18|1R42_1">298.27</span></td><td><span class="icn3d-distance" sets="7KNH_18|1R42_2">311.10</span></td><td><span class="icn3d-distance" sets="7KNH_18|6ACG_3">173.78</span></td><td><span class="icn3d-distance" sets="7KNH_18|6ACG_4">187.16</span></td><td><span class="icn3d-distance" sets="7KNH_18|6ACG_5">195.03</span></td><td><span class="icn3d-distance" sets="7KNH_18|7A91_6">50.16</span></td><td><span class="icn3d-distance" sets="7KNH_18|7A91_7">70.42</span></td><td><span class="icn3d-distance" sets="7KNH_18|7A91_8">30.97</span></td><td><span class="icn3d-distance" sets="7KNH_18|7A92_10">70.35</span></td><td><span class="icn3d-distance" sets="7KNH_18|7A92_11">30.91</span></td><td><span class="icn3d-distance" sets="7KNH_18|7A92_9">50.05</span></td><td><span class="icn3d-distance" sets="7KNH_18|7A97_12">138.53</span></td><td><span class="icn3d-distance" sets="7KNH_18|7A97_13">144.19</span></td><td><span class="icn3d-distance" sets="7KNH_18|7A97_14">162.12</span></td><td><span class="icn3d-distance" sets="7KNH_18|7KMS_15">112.39</span></td><td><span class="icn3d-distance" sets="7KNH_18|7KMS_16">107.05</span></td><td><span class="icn3d-distance" sets="7KNH_18|7KMS_17">121.74</span></td><td>0</td><td><span class="icn3d-distance" sets="7KNH_18|7KNH_19">32.70</span></td><td><span class="icn3d-distance" sets="7KNH_18|7KNH_20">26.95</span></td></tr><tr><th><b>7KNH_19</b> (Å)</th><td><span class="icn3d-distance" sets="7KNH_19|1R42_0">303.90</span></td><td><span class="icn3d-distance" sets="7KNH_19|1R42_1">306.02</span></td><td><span class="icn3d-distance" sets="7KNH_19|1R42_2">322.32</span></td><td><span class="icn3d-distance" sets="7KNH_19|6ACG_3">182.37</span></td><td><span class="icn3d-distance" sets="7KNH_19|6ACG_4">192.09</span></td><td><span class="icn3d-distance" sets="7KNH_19|6ACG_5">206.03</span></td><td><span class="icn3d-distance" sets="7KNH_19|7A91_6">50.95</span></td><td><span class="icn3d-distance" sets="7KNH_19|7A91_7">71.18</span></td><td><span class="icn3d-distance" sets="7KNH_19|7A91_8">28.18</span></td><td><span class="icn3d-distance" sets="7KNH_19|7A92_10">71.07</span></td><td><span class="icn3d-distance" sets="7KNH_19|7A92_11">28.09</span></td><td><span class="icn3d-distance" sets="7KNH_19|7A92_9">50.83</span></td><td><span class="icn3d-distance" sets="7KNH_19|7A97_12">134.10</span></td><td><span class="icn3d-distance" sets="7KNH_19|7A97_13">132.03</span></td><td><span class="icn3d-distance" sets="7KNH_19|7A97_14">157.51</span></td><td><span class="icn3d-distance" sets="7KNH_19|7KMS_15">98.84</span></td><td><span class="icn3d-distance" sets="7KNH_19|7KMS_16">100.74</span></td><td><span class="icn3d-distance" sets="7KNH_19|7KMS_17">103.54</span></td><td><span class="icn3d-distance" sets="7KNH_19|7KNH_18">32.70</span></td><td>0</td><td><span class="icn3d-distance" sets="7KNH_19|7KNH_20">45.35</span></td></tr><tr><th><b>7KNH_20</b> (Å)</th><td><span class="icn3d-distance" sets="7KNH_20|1R42_0">317.18</span></td><td><span class="icn3d-distance" sets="7KNH_20|1R42_1">319.63</span></td><td><span class="icn3d-distance" sets="7KNH_20|1R42_2">332.40</span></td><td><span class="icn3d-distance" sets="7KNH_20|6ACG_3">198.69</span></td><td><span class="icn3d-distance" sets="7KNH_20|6ACG_4">213.32</span></td><td><span class="icn3d-distance" sets="7KNH_20|6ACG_5">219.32</span></td><td><span class="icn3d-distance" sets="7KNH_20|7A91_6">73.40</span></td><td><span class="icn3d-distance" sets="7KNH_20|7A91_7">86.15</span></td><td><span class="icn3d-distance" sets="7KNH_20|7A91_8">48.27</span></td><td><span class="icn3d-distance" sets="7KNH_20|7A92_10">86.08</span></td><td><span class="icn3d-distance" sets="7KNH_20|7A92_11">48.18</span></td><td><span class="icn3d-distance" sets="7KNH_20|7A92_9">73.29</span></td><td><span class="icn3d-distance" sets="7KNH_20|7A97_12">126.93</span></td><td><span class="icn3d-distance" sets="7KNH_20|7A97_13">134.52</span></td><td><span class="icn3d-distance" sets="7KNH_20|7A97_14">147.65</span></td><td><span class="icn3d-distance" sets="7KNH_20|7KMS_15">121.56</span></td><td><span class="icn3d-distance" sets="7KNH_20|7KMS_16">110.95</span></td><td><span class="icn3d-distance" sets="7KNH_20|7KMS_17">126.71</span></td><td><span class="icn3d-distance" sets="7KNH_20|7KNH_18">26.95</span></td><td><span class="icn3d-distance" sets="7KNH_20|7KNH_19">45.35</span></td><td>0</td></tr></tbody></table><br><br>